1766.18	1757.39	1619.97	1664.47	1664.99
1864.76	1766.18	1664.99	1697.5	1741.54
1822.51	1864.76	1741.54	1752.31	1641.18
1770.5	1822.51	1641.18	1819.29	1594.59
1802.75	1770.5	1594.59	1686.39	1736.13
1776.65	1802.75	1736.13	1763.74	1656.81
1752.55	1776.65	1656.81	1772.55	1653.72
1842.83	1752.55	1653.72	1708.92	1703.97
1980.49	1842.83	1703.97	1729.34	1791.12
1969.7	1980.49	1791.12	1801.3	1875.28
2048.45	1969.7	1875.28	1880.99	1944.4
2094.94	2048.45	1944.4	1962.0	1980.07
2264.76	2094.94	1980.07	2040.18	1998.61
2286.3	2264.76	1998.61	2044.19	2110.78
2496.98	2286.3	2110.78	2124.41	2263.29
2781.76	2496.98	2263.29	2272.58	2210.48
2616.52	2781.76	2210.48	2445.28	2051.45
2322.37	2616.52	2051.45	2306.96	1868.56
2300.52	2322.37	1868.56	2244.89	2051.07
2337.35	2300.52	2051.07	2052.43	2117.34
2329.26	2337.35	2117.34	2189.02	2147.1
2330.62	2329.26	2147.1	2278.21	2168.37
2460.84	2330.62	2168.37	2192.55	2303.34
2493.97	2460.84	2303.34	2303.34	2385.59
2582.77	2493.97	2385.59	2412.65	2449.95
2559.79	2582.77	2449.95	2492.6	2478.18
2705.38	2559.79	2478.18	2545.43	2523.92
2931.24	2705.38	2523.92	2524.06	2699.68
2880.95	2931.24	2699.68	2704.96	2626.56
2808.41	2880.95	2626.56	2870.5	2623.61
2852.07	2808.41	2623.61	2691.51	2786.07
2914.19	2852.07	2786.07	2798.78	2807.36
2977.86	2914.19	2807.36	2811.43	2867.25
2985.06	2977.86	2867.25	2900.25	2483.63
2784.77	2985.06	2483.63	2973.45	2647.44
2803.72	2784.77	2647.44	2656.77	2348.99
2521.6	2803.72	2348.99	2712.99	2125.56
2536.42	2521.6	2125.56	2467.27	2335.28
2690.71	2536.42	2335.28	2442.46	2454.81
2676.04	2690.71	2454.81	2508.58	2488.59
2617.75	2676.04	2488.59	2655.1	2518.78
2800.48	2617.75	2518.78	2539.56	2613.98
2804.41	2800.48	2613.98	2616.82	2624.35
2757.32	2804.41	2624.35	2754.38	2623.17
2759.66	2757.32	2623.17	2677.62	2699.48
2741.56	2759.66	2699.48	2722.84	2540.35
2660.66	2741.56	2540.35	2710.37	2472.37
2584.75	2660.66	2472.37	2590.05	2327.26
2585.06	2584.75	2327.26	2541.62	2309.63
2616.95	2585.06	2309.63	2446.05	2490.11
2605.86	2616.95	2490.11	2583.75	2526.51
2576.28	2605.86	2526.51	2577.74	2469.54
2529.62	2576.28	2469.54	2558.37	2387.47
2555.34	2529.62	2387.47	2480.61	2375.86
2617.48	2555.34	2375.86	2424.61	2506.3
2658.73	2617.48	2506.3	2536.46	2569.99
2642.74	2658.73	2569.99	2572.47	2562.04
2634.84	2642.74	2562.04	2617.32	2581.8
2617.48	2634.84	2581.8	2627.86	2484.73
2568.73	2617.48	2484.73	2614.24	2480.62
2576.73	2568.73	2480.62	2513.88	2509.65
2530.34	2576.73	2509.65	2564.86	2271.79
2412.75	2530.34	2271.79	2511.43	2265.48
2424.82	2412.75	2265.48	2344.02	2262.08
2436.66	2424.82	2262.08	2324.29	2334.96
2370.53	2436.66	2334.96	2403.09	2165.36
2237.13	2370.53	2165.36	2362.44	1974.03
2044.41	2237.13	1974.03	2234.17	1808.99
2233.83	2044.41	1808.99	1975.08	1913.79
2400.74	2233.83	1913.79	1914.09	2164.59
2412.38	2400.74	2164.59	2233.39	2243.13
2932.81	2412.38	2243.13	2320.23	2282.11
2873.96	2932.81	2282.11	2282.58	2622.54
2876.71	2873.96	2622.54	2866.02	2658.59
2856.67	2876.71	2658.59	2675.08	2675.65
2798.89	2856.67	2675.65	2836.53	2715.69
2779.08	2798.89	2715.69	2756.61	2472.62
2631.73	2779.08	2472.62	2763.42	2441.54
2712.92	2631.73	2441.54	2582.58	2547.74
2843.78	2712.92	2547.74	2559.21	2683.59
2812.13	2843.78	2683.59	2691.88	2699.42
2773.06	2812.13	2699.42	2806.75	2621.68
2916.3	2773.06	2621.68	2733.5	2723.05
2946.02	2916.3	2723.05	2766.49	2659.62
2773.8	2946.02	2659.62	2883.27	2668.87
2822.88	2773.8	2668.87	2746.99	2717.62
2892.67	2822.88	2717.62	2720.53	2779.51
3344.01	2892.67	2779.51	2809.99	2875.91
3295.07	3344.01	2875.91	2878.49	3166.52
3425.13	3295.07	3166.52	3262.8	3198.51
3494.87	3425.13	3198.51	3232.03	3357.15
3437.15	3494.87	3357.15	3401.91	3251.03
3453.84	3437.15	3251.03	3429.38	3322.92
3706.48	3453.84	3322.92	3348.79	3409.79
3967.26	3706.48	3409.79	3425.67	3611.36
4189.42	3967.26	3611.36	3654.37	3847.31
4336.71	4189.42	3847.31	3871.62	3978.95
4436.48	4336.71	3978.95	4062.6	3837.13
4398.06	4436.48	3837.13	4327.94	3938.62
4487.5	4398.06	3938.62	4161.66	4194.1
4362.73	4487.5	4194.1	4387.4	3978.28
4189.68	4362.73	3978.28	4278.92	3957.46
4182.29	4189.68	3957.46	4105.37	4034.4
4097.25	4182.29	4034.4	4150.45	3966.93
4142.68	4097.25	3966.93	4066.6	3612.21
4255.62	4142.68	3612.21	4005.1	4070.49
4364.11	4255.62	4070.49	4089.7	4111.71
4461.71	4364.11	4111.71	4141.09	4292.63
4379.28	4461.71	4292.63	4318.35	4263.28
4408.18	4379.28	4263.28	4364.41	4321.12
4403.13	4408.18	4321.12	4352.3	4195.23
4647.83	4403.13	4195.23	4345.75	4350.22
4644.06	4647.83	4350.22	4390.31	4491.79
4765.07	4644.06	4491.79	4597.31	4580.13
4925.23	4765.07	4580.13	4583.02	4690.17
4976.52	4925.23	4690.17	4735.11	4448.64
4719.78	4976.52	4448.64	4921.85	4397.74
4621.01	4719.78	4397.74	4573.8	4098.58
4496.67	4621.01	4098.58	4612.92	4004.62
4660.04	4496.67	4004.62	4267.45	4401.53
4690.55	4660.04	4401.53	4409.08	4493.2
4699.59	4690.55	4493.2	4618.71	4130.88
4402.15	4699.59	4130.88	4635.6	4185.33
4338.08	4402.15	4185.33	4326.45	4032.15
4364.42	4338.08	4032.15	4335.13	4134.62
4387.76	4364.42	4134.62	4245.89	4074.97
4174.58	4387.76	4074.97	4217.9	3752.01
3930.69	4174.58	3752.01	4158.92	3218.98
3824.43	3930.69	3218.98	3870.29	2979.88
3893.67	3824.43	2979.88	3243.08	3551.83
3796.56	3893.67	3551.83	3713.76	3485.83
4122.75	3796.56	3485.83	3698.92	3689.0
4120.71	4122.75	3689.0	3689.61	3852.22
4053.04	4120.71	3852.22	4100.28	3846.76
3912.79	4053.04	3846.76	3907.96	3576.54
3753.51	3912.79	3576.54	3882.16	3505.81
3813.39	3753.51	3505.81	3617.27	3563.18
3790.89	3813.39	3563.18	3600.83	3633.88
3971.5	3790.89	3633.88	3788.02	3665.67
3982.31	3971.5	3665.67	3667.52	3858.75
4232.35	3982.31	3858.75	3932.83	3882.08
4274.64	4232.35	3882.08	3892.7	4112.88
4237.51	4274.64	4112.88	4212.2	4030.37
4383.27	4237.51	4030.37	4195.65	4164.25
4412.62	4383.27	4164.25	4172.79	4258.32
4477.38	4412.62	4258.32	4360.62	4364.67
4435.99	4477.38	4364.67	4403.09	4230.73
4355.29	4435.99	4230.73	4401.32	4183.57
4365.76	4355.29	4183.57	4314.18	4143.35
4422.15	4365.76	4143.35	4218.66	4296.93
4472.92	4422.15	4296.93	4321.44	4319.48
4622.87	4472.92	4319.48	4371.94	4419.36
4875.38	4622.87	4419.36	4435.81	4556.15
4930.0	4875.38	4556.15	4611.7	4722.81
4874.89	4930.0	4722.81	4777.49	4718.6
5432.63	4874.89	4718.6	4763.36	4814.98
5852.78	5432.63	4814.98	4824.2	5391.97
5839.62	5852.78	5391.97	5432.62	5568.86
5862.69	5839.62	5568.86	5637.26	5448.22
5795.33	5862.69	5448.22	5824.71	5576.1
5773.32	5795.33	5576.1	5677.35	5521.09
5601.3	5773.32	5521.09	5759.25	5114.87
5737.41	5601.3	5114.87	5598.58	5517.62
6075.32	5737.41	5517.62	5576.71	5611.39
6187.2	6075.32	5611.39	5698.62	5874.54
6070.56	6187.2	5874.54	5993.11	5722.98
6048.98	6070.56	5722.98	6006.65	5644.22
5904.63	6048.98	5644.22	5982.86	5463.41
5747.96	5904.63	5463.41	5903.61	5375.64
5970.4	5747.96	5375.64	5513.08	5689.92
5997.83	5970.4	5689.92	5734.0	5692.32
5871.04	5997.83	5692.32	5887.62	5654.8
6295.43	5871.04	5654.8	5764.56	5679.37
6226.18	6295.43	5679.37	5726.61	6018.97
6467.2	6226.18	6018.97	6147.7	6090.83
6738.74	6467.2	6090.83	6124.28	6355.0
7339.91	6738.74	6355.0	6449.1	6737.77
7445.62	7339.91	6737.77	6737.78	6938.93
7492.24	7445.62	6938.93	7024.81	6957.84
7599.44	7492.24	6957.84	7146.98	7284.33
7429.7	7599.44	7284.33	7363.8	6934.73
7222.37	7429.7	6934.73	7389.55	6957.8
7869.1	7222.37	6957.8	6959.27	7026.97
7457.12	7869.1	7026.97	7102.23	7040.83
7318.97	7457.12	7040.83	7444.36	6406.05
6821.5	7318.97	6406.05	7129.59	6197.87
6490.53	6821.5	6197.87	6565.8	5493.64
6760.15	6490.53	5493.64	6339.87	5828.34
6728.59	6760.15	5828.34	5878.09	6419.18
7330.06	6728.59	6419.18	6522.45	6596.94
7964.64	7330.06	6596.94	6597.06	7119.17
8000.19	7964.64	7119.17	7283.02	7534.7
7857.52	8000.19	7534.7	7853.68	7458.9
8100.87	7857.52	7458.9	7699.95	7675.41
8294.12	8100.87	7675.41	7781.02	7947.28
8368.36	8294.12	7947.28	8042.64	7819.06
8304.37	8368.36	7819.06	8245.87	8091.63
8266.55	8304.37	8091.63	8099.92	8012.35
8332.94	8266.55	8012.35	8234.5	7900.17
8761.98	8332.94	7900.17	8013.38	8153.7
9474.62	8761.98	8153.7	8203.45	8746.56
9733.61	9474.62	8746.56	8754.62	9316.84
9969.58	9733.61	9316.84	9318.42	9638.2
11417.84	9969.58	9638.2	9732.63	8938.7
10689.06	11417.84	8938.7	9906.04	9023.77
10942.8	10689.06	9023.77	9848.05	9420.93
11175.23	10942.8	9420.93	9947.08	10715.55
11851.09	11175.23	10715.55	10861.47	10578.43
11624.63	11851.09	10578.43	10912.72	10917.81
11901.87	11624.63	10917.81	11244.2	11486.13
13843.2	11901.87	11486.13	11624.37	11661.76
16879.26	13843.2	11661.76	11667.13	13401.61
17294.85	16879.26	13401.61	13750.09	13906.1
16313.18	17294.85	13906.1	16867.98	13151.47
15783.2	16313.18	13151.47	16048.18	13031.0
17399.18	15783.2	13031.0	14839.98	15024.56
17560.65	17399.18	15024.56	15060.45	16254.53
17267.96	17560.65	16254.53	16733.29	15669.86
16941.08	17267.96	15669.86	17083.9	16023.64
17987.03	16941.08	16023.64	16286.82	16442.2
19587.7	17987.03	16442.2	16467.91	17318.54
19870.62	19587.7	17318.54	17594.08	18750.91
19221.1	19870.62	18750.91	19346.6	18114.42
19021.97	19221.1	18114.42	19065.71	16812.8
17813.6	19021.97	16812.8	18971.19	15642.69
17301.83	17813.6	15642.69	17521.73	14952.98
15823.72	17301.83	14952.98	16461.09	10875.71
15493.23	15823.72	10875.71	15632.12	13356.07
14413.72	15493.23	13356.07	13664.97	12166.45
14467.43	14413.72	12166.45	14396.63	13010.71
16094.67	14467.43	13010.71	13789.95	13748.49
16514.59	16094.67	13748.49	13830.19	14534.66
15505.51	16514.59	14534.66	15757.02	13466.07
15109.81	15505.51	13466.07	15416.34	13951.08
14461.46	15109.81	13951.08	14398.45	11962.09
14241.82	14461.46	11962.09	14392.14	12359.43
13921.53	14241.82	12359.43	12532.38	12877.67
15306.13	13921.53	12877.67	13850.49	12934.16
15435.01	15306.13	12934.16	13444.88	14579.71
15408.66	15435.01	14579.71	14754.09	14244.67
17126.95	15408.66	14244.67	15156.49	14832.36
17252.85	17126.95	14832.36	15180.08	16286.57
17184.81	17252.85	16286.57	16954.76	15791.13
16302.92	17184.81	15791.13	17174.5	13902.31
15390.28	16302.92	13902.31	16228.26	14221.55
14919.49	15390.28	14221.55	14976.17	13450.54
14979.96	14919.49	13450.54	14468.09	12825.95
14129.08	14979.96	12825.95	14920.36	12851.91
14595.04	14129.08	12851.91	13308.06	13830.28
14415.67	14595.04	13830.28	13841.19	13031.91
14355.82	14415.67	13031.91	14244.12	13416.71
13648.84	14355.82	13416.71	13638.63	10032.69
11736.3	13648.84	10032.69	13634.6	9205.38
12018.43	11736.3	9205.38	11282.49	10642.33
11780.49	12018.43	10642.33	11162.7	10867.18
13031.04	11780.49	10867.18	11175.52	11502.11
12787.35	13031.04	11502.11	11521.82	11101.73
11913.74	12787.35	11101.73	12783.54	10067.76
11388.52	11913.74	10067.76	11549.98	9980.5
11531.6	11388.52	9980.5	10814.52	10506.55
11741.92	11531.6	10506.55	10853.78	10930.34
11656.54	11741.92	10930.34	11428.11	10346.86
11638.69	11656.54	10346.86	11175.87	10879.2
12064.19	11638.69	10879.2	11104.34	11407.94
11860.29	12064.19	11407.94	11460.39	11089.52
11263.7	11860.29	11089.52	11767.74	9871.21
10377.96	11263.7	9871.21	11234.32	9698.13
10280.84	10377.96	9698.13	10107.4	8726.95
9147.93	10280.84	8726.95	10226.86	7786.2
9504.37	9147.93	7786.2	9114.73	8194.68
9400.99	9504.37	8194.68	8872.87	7889.83
8391.29	9400.99	7889.83	9251.27	6627.31
7932.38	8391.29	6627.31	8218.05	5968.36
8572.68	7932.38	5968.36	6936.43	7208.86
8643.94	8572.68	7208.86	7701.25	7590.48
8743.2	8643.94	7590.48	7593.78	7775.36
9081.49	8743.2	7775.36	8259.26	8176.25
8573.35	9081.49	8176.25	8696.83	7862.31
8997.34	8573.35	7862.31	8569.32	8084.41
8955.15	8997.34	8084.41	8084.61	8379.35
9508.22	8955.15	8379.35	8911.17	8542.98
10223.58	9508.22	8542.98	8544.69	9363.38
10303.14	10223.58	9363.38	9485.64	9720.38
11119.45	10303.14	9720.38	10033.75	10074.07
11288.34	11119.45	10074.07	10188.73	10161.01
11265.96	11288.34	10161.01	11097.21	10336.32
11802.23	11265.96	10336.32	10418.12	11130.95
11295.58	11802.23	11130.95	11182.28	10256.21
10941.57	11295.58	10256.21	11256.78	9757.19
10420.67	10941.57	9757.19	10481.66	9604.0
10528.0	10420.67	9604.0	9847.96	9396.54
9873.79	10528.0	9396.54	10175.51	9329.44
10457.51	9873.79	9329.44	9705.73	9411.82
10879.38	10457.51	9411.82	9610.11	10154.24
11067.76	10879.38	10154.24	10326.5	10303.14
11090.3	11067.76	10303.14	10594.76	10247.56
11191.94	11090.3	10247.56	10334.44	10801.45
11530.66	11191.94	10801.45	10929.37	11043.12
11539.79	11530.66	11043.12	11043.12	11084.01
11694.15	11539.79	11084.01	11465.36	11431.55
11441.65	11694.15	11431.55	11503.94	10589.28
10913.7	11441.65	10589.28	11440.33	9470.73
10119.21	10913.7	9470.73	10735.45	9086.85
9433.38	10119.21	9086.85	9928.56	8393.45
9518.62	9433.38	8393.45	9316.77	8727.43
9735.64	9518.62	8727.43	9252.76	8484.32
9907.41	9735.64	8484.32	8797.27	8796.52
9486.12	9907.41	8796.52	9543.98	8856.65
9360.66	9486.12	8856.65	9142.27	7966.94
8432.12	9360.66	7966.94	9160.12	7698.47
8616.63	8432.12	7698.47	8216.22	7924.11
8360.64	8616.63	7924.11	8267.95	7765.41
8299.86	8360.64	7765.41	8283.23	7318.46
8725.6	8299.86	7318.46	7882.67	8129.66
9056.23	8725.6	8129.66	8215.5	8339.8
9184.51	9056.23	8339.8	8623.14	8778.69
9107.0	9184.51	8778.69	8920.53	8500.88
8935.88	9107.0	8500.88	8911.37	8307.58
9036.23	8935.88	8307.58	8724.98	8515.53
8690.36	9036.23	8515.53	8935.51	8395.85
8521.04	8690.36	8395.85	8548.39	7869.27
8226.24	8521.04	7869.27	8472.56	7752.3
8117.79	8226.24	7752.3	8152.18	7752.6
7983.77	8117.79	7752.6	7808.42	6927.11
7280.27	7983.77	6927.11	7959.78	6595.26
7228.4	7280.27	6595.26	7106.62	6806.34
7056.22	7228.4	6806.34	6853.75	6463.54
8218.66	7056.22	6463.54	6943.77	6792.3
7528.97	8218.66	6792.3	6835.58	7039.88
7442.42	7528.97	7039.88	7074.65	6727.09
6933.66	7442.42	6727.09	7434.3	6602.38
6869.53	6933.66	6602.38	6815.5	6526.67
7083.85	6869.53	6526.67	6790.45	6624.47
7132.03	7083.85	6624.47	6634.86	6911.02
7204.28	7132.03	6911.02	6917.2	6633.69
6922.84	7204.28	6633.69	7049.92	6676.72
6999.37	6922.84	6676.72	6789.53	6839.16
8051.95	6999.37	6839.16	6871.07	6791.33
8237.16	8051.95	6791.33	6977.04	7758.8
8195.34	8237.16	7758.8	7927.73	7841.19
8437.03	8195.34	7841.19	7898.74	8021.04
8430.93	8437.03	8021.04	8022.51	7929.24
8187.6	8430.93	7929.24	8376.73	7858.12
8246.57	8187.6	7858.12	8079.77	7908.92
8321.01	8246.57	7908.92	7921.65	8136.42
8945.14	8321.01	8136.42	8189.92	8243.49
9047.82	8945.14	8243.49	8301.82	8631.18
9043.98	9047.82	8631.18	8877.15	8788.44
9025.73	9043.98	8788.44	8935.85	8804.2
9741.91	9025.73	8804.2	8823.46	8957.68
9765.23	9741.91	8957.68	8967.86	8757.06
9315.13	9765.23	8757.06	9657.69	8669.38
9385.87	9315.13	8669.38	8873.57	8923.48
9435.9	9385.87	8923.48	9289.01	8892.52
9552.67	9435.9	8892.52	8938.47	9189.07
9459.81	9552.67	9189.07	9349.94	9133.6
9251.66	9459.81	9133.6	9407.35	8851.1
9271.62	9251.66	8851.1	9248.25	8993.82
9817.19	9271.62	8993.82	9077.28	9172.28
9785.15	9817.19	9172.28	9232.19	9547.21
9968.85	9785.15	9547.21	9746.26	9687.09
9936.96	9968.85	9687.09	9700.37	9441.93
9662.23	9936.96	9441.93	9846.44	9202.13
9472.09	9662.23	9202.13	9643.99	9063.07
9373.46	9472.09	9063.07	9377.08	8987.27
9393.95	9373.46	8987.27	9196.13	9017.13
9032.27	9393.95	9017.13	9321.52	8363.5
8653.8	9032.27	8363.5	9032.22	8225.97
8773.96	8653.8	8225.97	8420.82	8350.91
8883.0	8773.96	8350.91	8488.07	8312.72
8848.69	8883.0	8312.72	8709.46	8441.25
8501.65	8848.69	8441.25	8672.88	8119.17
8476.45	8501.65	8119.17	8480.16	8015.77
8280.45	8476.45	8015.77	8342.69	7940.35
8397.27	8280.45	7940.35	8071.04	8160.8
8591.45	8397.27	8160.8	8247.91	8181.46
8585.85	8591.45	8181.46	8249.24	8347.88
8428.6	8585.85	8347.88	8533.22	7962.43
8031.63	8428.6	7962.43	8419.67	7460.66
7729.48	8031.63	7460.66	7992.75	7283.77
7652.37	7729.48	7283.77	7505.77	7347.96
7626.69	7652.37	7347.96	7584.78	7314.71
7420.07	7626.69	7314.71	7475.36	7256.67
7455.55	7420.07	7256.67	7355.06	7092.91
7533.03	7455.55	7092.91	7362.23	7069.01
7571.08	7533.03	7069.01	7118.88	7295.78
7608.87	7571.08	7295.78	7474.75	7349.52
7614.66	7608.87	7349.52	7393.02	7370.27
7697.34	7614.66	7370.27	7501.74	7467.79
7774.96	7697.34	7467.79	7530.55	7606.76
7760.73	7774.96	7606.76	7643.26	7469.21
7672.7	7760.73	7469.21	7719.73	7394.97
7701.35	7672.7	7394.97	7503.32	7504.98
7755.92	7701.35	7504.98	7629.4	7651.13
7709.61	7755.92	7651.13	7661.79	7559.5
7691.74	7709.61	7559.5	7700.4	7495.72
7514.04	7691.74	7495.72	7627.56	6661.98
6913.85	7514.04	6661.98	7513.76	6652.89
6888.33	6913.85	6652.89	6773.72	6462.61
6623.0	6888.33	6462.61	6887.43	6140.63
6719.44	6623.0	6140.63	6556.94	6286.23
6667.23	6719.44	6286.23	6310.43	6380.69
6569.15	6667.23	6380.69	6643.63	6345.99
6585.77	6569.15	6345.99	6396.71	6446.38
6802.03	6585.77	6446.38	6503.1	6401.41
6839.6	6802.03	6401.41	6457.78	6672.2
6817.9	6839.6	6672.2	6714.56	6569.96
6790.08	6817.9	6569.96	6741.28	6687.66
6731.51	6790.08	6687.66	6761.27	5941.32
6257.88	6731.51	5941.32	6720.64	6033.2
6254.02	6257.88	6033.2	6051.47	5782.13
6344.45	6254.02	5782.13	6166.36	6095.25
6286.36	6344.45	6095.25	6157.78	6067.49
6192.11	6286.36	6067.49	6260.4	6021.69
6172.23	6192.11	6021.69	6092.26	5844.26
6286.67	6172.23	5844.26	6141.57	5813.02
6503.33	6286.67	5813.02	5870.81	6194.51
6429.5	6503.33	6194.51	6203.81	6262.72
6673.71	6429.5	6262.72	6385.43	5537.86
6670.3	6673.71	5537.86	6342.69	6473.48
6777.97	6670.3	6473.48	6616.6	6411.13
6691.32	6777.97	6411.13	6508.43	6448.23
6633.44	6691.32	6448.23	6589.77	6458.14
6814.42	6633.44	6458.14	6534.81	6518.23
6782.85	6814.42	6518.23	6602.03	6684.15
6803.1	6782.85	6684.15	6758.08	6625.58
6683.61	6803.1	6625.58	6707.46	6277.23
6405.59	6683.61	6277.23	6668.84	6293.68
6394.93	6405.59	6293.68	6306.87	6084.0
6349.21	6394.93	6084.0	6394.36	6131.54
6332.46	6349.21	6131.54	6253.66	6190.18
6401.5	6332.46	6190.18	6229.61	6245.75
6761.84	6401.5	6245.75	6268.32	6349.83
7476.24	6761.84	6349.83	6364.26	6677.56
7590.65	7476.24	6677.56	6740.54	7253.71
7563.7	7590.65	7253.71	7326.76	7289.9
7676.55	7563.7	7289.9	7383.39	7279.34
7453.07	7676.55	7279.34	7477.1	7220.37
7569.28	7453.07	7220.37	7333.93	7345.25
7798.59	7569.28	7345.25	7405.4	7376.66
8485.71	7798.59	7376.66	7398.64	7692.16
8481.11	8485.71	7692.16	7718.0	8061.07
8302.24	8481.11	8061.07	8395.81	7862.67
8278.01	8302.24	7862.67	8170.37	7806.25
8238.04	8278.01	7806.25	7937.1	8070.04
8291.55	8238.04	8070.04	8182.88	8123.53
8273.61	8291.55	8123.53	8230.82	7867.44
8176.27	8273.61	7867.44	8216.7	7663.7
7760.74	8176.27	7663.7	8176.08	7449.31
7713.32	7760.74	7449.31	7736.25	7470.86
7542.49	7713.32	7470.86	7610.9	7296.76
7490.89	7542.49	7296.76	7542.34	6940.15
7092.53	7490.89	6940.15	7417.6	6898.31
7160.4	7092.53	6898.31	7017.89	6854.79
7150.86	7160.4	6854.79	7042.57	6685.02
6723.99	7150.86	6685.02	6945.77	6133.03
6631.23	6723.99	6133.03	6723.29	6195.02
6582.14	6631.23	6195.02	6285.06	6025.91
6488.55	6582.14	6025.91	6543.25	6014.26
6483.39	6488.55	6014.26	6152.95	6176.89
6545.02	6483.39	6176.89	6242.53	6157.03
6266.5	6545.02	6157.03	6322.41	5891.87
6620.07	6266.5	5891.87	6263.2	6193.63
6478.07	6620.07	6193.63	6199.63	6217.33
6594.72	6478.07	6217.33	6274.22	6300.45
6622.16	6594.72	6300.45	6323.81	6322.44
6560.88	6622.16	6322.44	6591.18	6330.56
6537.54	6560.88	6330.56	6405.74	6248.39
6506.69	6537.54	6248.39	6502.24	6259.81
6890.79	6506.69	6259.81	6270.09	6264.34
6575.28	6890.79	6264.34	6491.09	6356.96
6736.83	6575.28	6356.96	6366.14	6481.76
6808.89	6736.83	6481.76	6539.13	6684.19
6793.17	6808.89	6684.19	6708.94	6588.48
6944.21	6793.17	6588.48	6749.71	6674.84
7136.71	6944.21	6674.84	6720.6	6877.2
7137.47	7136.71	6877.2	6915.92	6944.76
7072.64	7137.47	6944.76	7091.38	6818.69
7096.73	7072.64	6818.69	7051.61	6903.08
7272.03	7096.73	6903.08	6998.76	7025.58
7384.38	7272.03	7025.58	7026.96	7144.71
7350.58	7384.38	7144.71	7203.46	7204.89
7417.65	7350.58	7204.89	7301.25	7246.76
7401.43	7417.65	7246.76	7270.05	6694.06
6727.19	7401.43	6694.06	7369.89	6295.11
6549.39	6727.19	6295.11	6705.06	6345.48
6480.57	6549.39	6345.48	6515.42	6134.76
6451.25	6480.57	6134.76	6413.12	6161.83
6371.42	6451.25	6161.83	6200.23	6247.64
6415.51	6371.42	6247.64	6249.07	6199.19
6357.89	6415.51	6199.19	6324.43	6208.28
6534.89	6357.89	6208.28	6295.54	6337.08
6591.59	6534.89	6337.08	6337.08	6393.84
6573.19	6591.59	6393.84	6492.17	6473.47
6525.05	6573.19	6473.47	6485.39	6404.31
6538.82	6525.05	6404.31	6522.68	6216.83
6393.39	6538.82	6216.83	6502.44	6238.25
6522.9	6393.39	6238.25	6261.33	6131.02
6551.93	6522.9	6131.02	6346.44	6361.33
6785.22	6551.93	6361.33	6398.83	6501.01
6834.49	6785.22	6501.01	6505.97	6633.01
6768.56	6834.49	6633.01	6762.07	6663.9
6717.6	6768.56	6663.9	6716.6	6557.82
6583.54	6717.6	6557.82	6702.73	6333.21
6543.92	6583.54	6333.21	6583.53	6383.16
6733.94	6543.92	6383.16	6437.74	6434.76
6806.1	6733.94	6434.76	6462.6	6545.41
6635.42	6806.1	6545.41	6686.13	6474.23
6741.96	6635.42	6474.23	6635.4	6543.68
6662.6	6741.96	6543.68	6603.75	6510.54
6618.95	6662.6	6510.54	6623.82	6478.04
6537.07	6618.95	6478.04	6594.98	6428.98
6622.32	6537.07	6428.98	6525.46	6486.86
6683.55	6622.32	6486.86	6492.61	6546.98
6637.08	6683.55	6546.98	6580.0	6563.25
6622.49	6637.08	6563.25	6632.88	6535.02
6698.31	6622.49	6535.02	6589.94	6565.01
6657.0	6698.31	6565.01	6601.46	6589.39
6633.22	6657.0	6589.39	6650.07	6487.86
6581.59	6633.22	6487.86	6631.79	6171.95
6296.56	6581.59	6171.95	6581.07	6173.86
6280.73	6296.56	6173.86	6209.47	6238.92
6346.56	6280.73	6238.92	6252.1	6247.17
7234.83	6346.56	6247.17	6267.27	6244.77
6724.91	7234.83	6244.77	6277.73	6545.54
6589.2	6724.91	6545.54	6612.69	6511.6
6616.27	6589.2	6511.6	6583.05	6445.05
6503.09	6616.27	6445.05	6576.4	6449.36
6645.2	6503.09	6449.36	6489.37	6395.45
6557.39	6645.2	6395.45	6469.28	6474.47
6531.23	6557.39	6474.47	6490.6	6460.38
6496.2	6531.23	6460.38	6509.87	6438.99
6538.35	6496.2	6438.99	6484.32	6465.73
6497.9	6538.35	6465.73	6470.63	6432.3
6514.0	6497.9	6432.3	6476.52	6441.81
6479.0	6514.0	6441.81	6462.77	6445.95
6483.24	6479.0	6445.95	6457.21	6444.74
6483.39	6483.24	6444.74	6470.17	6282.58
6340.68	6483.39	6282.58	6470.74	6286.3
6391.25	6340.68	6286.3	6314.38	6241.49
6402.59	6391.25	6241.49	6309.11	6322.6
6420.93	6402.59	6322.6	6342.81	6371.57
6398.09	6420.93	6371.57	6381.3	6336.96
6498.16	6398.09	6336.96	6394.65	6351.92
6475.8	6498.16	6351.92	6376.55	6406.69
6482.81	6475.8	6406.69	6467.05	6412.56
6562.79	6482.81	6412.56	6433.53	6476.59
6542.42	6562.79	6476.59	6479.72	6438.27
6457.97	6542.42	6438.27	6530.94	6352.45
6419.92	6457.97	6352.45	6446.06	6376.17
6414.18	6419.92	6376.17	6377.99	6326.38
6435.41	6414.18	6326.38	6396.39	6350.87
6389.43	6435.41	6350.87	6408.18	6315.58
6375.7	6389.43	6315.58	6375.08	5469.93
5767.06	6375.7	5469.93	6339.17	5300.75
5676.54	5767.06	5300.75	5740.51	5487.87
5602.01	5676.54	5487.87	5647.5	5524.7
5701.35	5602.01	5524.7	5586.97	5567.95
5615.98	5701.35	5567.95	5567.95	4757.01
4953.56	5615.98	4757.01	5615.26	4168.25
4689.55	4953.56	4168.25	4809.62	4315.58
4640.72	4689.55	4315.58	4441.81	4297.21
4419.48	4640.72	4297.21	4593.04	4157.19
4432.0	4419.48	4157.19	4320.68	3741.2
4165.93	4432.0	3741.2	4343.42	3550.04
4124.7	4165.93	3550.04	3854.11	3598.81
3878.9	4124.7	3598.81	4004.46	3613.11
4398.57	3878.9	3613.11	3784.77	3822.94
4444.39	4398.57	3822.94	3822.99	4130.68
4331.07	4444.39	4130.68	4263.52	3916.3
4309.65	4331.07	3916.3	4286.85	3942.62
4318.79	4309.65	3942.62	4009.67	4077.67
4159.01	4318.79	4077.67	4197.7	3795.18
4082.68	4159.01	3795.18	4143.86	3770.92
3961.8	4082.68	3770.92	3871.41	3719.19
3883.43	3961.8	3719.19	3948.44	3467.92
3576.11	3883.43	3467.92	3737.53	3248.0
3602.49	3576.11	3248.0	3485.18	3295.21
3718.58	3602.49	3295.21	3420.57	3436.5
3645.49	3718.58	3436.5	3461.07	3416.77
3483.58	3645.49	3416.77	3592.84	3348.98
3545.37	3483.58	3348.98	3467.16	3380.48
3493.76	3545.37	3380.48	3401.02	3272.81
3333.24	3493.76	3272.81	3485.59	3180.97
3271.76	3333.24	3180.97	3305.11	3169.53
3319.83	3271.76	3169.53	3235.48	3227.4
3639.65	3319.83	3227.4	3232.51	3239.06
3727.99	3639.65	3239.06	3255.37	3481.46
3969.7	3727.99	3481.46	3548.19	3693.57
4225.52	3969.7	3693.57	3715.85	3712.82
4247.71	4225.52	3712.82	3736.54	3831.2
4060.34	4247.71	3831.2	4137.66	3849.23
4117.65	4060.34	3849.23	3898.81	3972.39
4303.37	4117.65	3972.39	4045.24	4006.6
4094.61	4303.37	4006.6	4007.63	3734.85
3923.93	4094.61	3734.85	4081.95	3746.86
3888.92	3923.93	3746.86	3834.73	3622.39
4007.71	3888.92	3622.39	3848.78	3628.43
4004.14	4007.71	3628.43	3646.09	3774.38
3925.18	4004.14	3774.38	3947.86	3760.8
3904.28	3925.18	3760.8	3797.06	3701.48
3938.75	3904.28	3701.48	3896.21	3696.94
3989.59	3938.75	3696.94	3747.39	3826.29
3965.52	3989.59	3826.29	3880.15	3778.76
3901.65	3965.52	3778.76	3961.01	3783.88
3926.92	3901.65	3783.88	3835.86	3841.13
4145.16	3926.92	3841.13	3874.06	3829.09
4132.62	4145.16	3829.09	3855.39	4001.35
4156.16	4132.62	4001.35	4102.85	3990.34
4092.91	4156.16	3990.34	4050.4	4013.0
4085.09	4092.91	4013.0	4040.75	3631.07
3729.69	4085.09	3631.07	4048.34	3616.41
3692.12	3729.69	3616.41	3668.15	3611.2
3675.2	3692.12	3611.2	3669.2	3528.24
3748.88	3675.2	3528.24	3664.38	3544.53
3724.3	3748.88	3544.53	3551.24	3590.49
3704.37	3724.3	3590.49	3703.9	3611.38
3695.28	3704.37	3611.38	3621.24	3586.92
3685.39	3695.28	3586.92	3643.99	3620.44
3799.62	3685.39	3620.44	3685.3	3643.01
3754.65	3799.62	3643.01	3648.05	3529.25
3599.83	3754.65	3529.25	3729.78	3535.19
3635.69	3599.83	3535.19	3567.73	3473.77
3631.15	3635.69	3473.77	3571.92	3543.96
3616.33	3631.15	3543.96	3602.04	3546.5
3607.43	3616.33	3546.5	3572.05	3539.41
3676.4	3607.43	3539.41	3598.52	3578.62
3605.99	3676.4	3578.62	3582.89	3511.29
3567.56	3605.99	3511.29	3596.5	3402.56
3463.2	3567.56	3402.56	3565.08	3369.19
3488.91	3463.2	3369.19	3453.42	3395.94
3499.78	3488.91	3395.94	3418.25	3422.83
3478.55	3499.78	3422.83	3467.21	3398.96
3519.14	3478.55	3398.96	3434.13	3441.21
3514.43	3519.14	3441.21	3461.63	3424.42
3470.8	3514.43	3424.42	3508.68	3429.21
3447.88	3470.8	3429.21	3449.62	3415.67
3459.33	3447.88	3415.67	3431.24	3362.24
3406.54	3459.33	3362.24	3447.66	3369.1
3735.1	3406.54	3369.1	3394.89	3363.32
3673.71	3735.1	3363.32	3375.33	3616.11
3689.32	3673.71	3616.11	3660.03	3611.46
3688.59	3689.32	3611.46	3652.26	3608.18
3648.67	3688.59	3608.18	3685.14	3574.22
3655.89	3648.67	3574.22	3611.34	3590.01
3619.7	3655.89	3590.01	3617.41	3567.39
3640.65	3619.7	3567.39	3605.87	3575.95
3639.75	3640.65	3575.95	3588.72	3592.04
3706.17	3639.75	3592.04	3593.49	3608.18
3952.44	3706.17	3608.18	3617.24	3661.42
4010.91	3952.44	3661.42	3670.92	3882.52
3992.31	4010.91	3882.52	3912.57	3898.91
4026.54	3992.31	3898.91	3924.24	3900.28
3996.15	4026.54	3900.28	3974.05	3917.66
4192.39	3996.15	3917.66	3937.04	3948.48
4221.62	4192.39	3948.48	3983.53	3755.38
3885.06	4221.62	3755.38	4149.09	3771.53
3852.66	3885.06	3771.53	3771.62	3791.9
3851.84	3852.66	3791.9	3845.51	3699.53
3909.86	3851.84	3699.53	3817.88	3798.0
3866.12	3909.86	3798.0	3830.72	3822.67
3846.38	3866.12	3822.67	3823.37	3790.74
3853.28	3846.38	3790.74	3831.48	3788.04
3831.01	3853.28	3788.04	3842.94	3705.14
3893.52	3831.01	3705.14	3812.31	3720.49
3916.29	3893.52	3720.49	3731.28	3839.39
3911.76	3916.29	3839.39	3874.18	3853.2
3932.02	3911.76	3853.2	3874.98	3804.98
3975.25	3932.02	3804.98	3882.61	3860.66
3948.21	3975.25	3860.66	3868.02	3897.82
3941.99	3948.21	3897.82	3947.74	3849.45
